inc_years <- c("2010/2011", "2011/2012", "2012/2013", "2013/2014", 
               "2014/2015", "2015/2016", "2016/2017", "2017/2018", 
               "2018/2019")

feature_code <- c("S08000020", "S08000030", "S08000022", "S08000019",
  "S08000017", "S08000015", "S08000031", "S08000024", 
  "S08000028", "S08000029", "S08000032", "S08000025",
  "S08000016", "S08000026")